#name, percent, n, avrg, half length, lower ci endpoint, upper ci endpoint

Cars_in_service_avrg_iid 95 30 0.000000 0.000000 0.000000 0.000000
Cars_in_service_count_iid 95 30 7.000000 0.000000 7.000000 7.000000
Cars_in_service_max_iid 95 30 5.000000 0.000000 5.000000 5.000000
Cars_in_service_min_iid 95 30 0.000000 0.000000 0.000000 0.000000
Passengers_on_trip_avrg_iid 95 30 4.570259 0.283628 4.853888 4.286631
Passengers_on_trip_count_iid 95 30 246.433333 1.012738 247.446071 245.420596
Passengers_on_trip_max_iid 95 30 14.000000 1.617086 15.617086 12.382914
Passengers_on_trip_min_iid 95 30 0.000000 0.000000 0.000000 0.000000
Travel_time_dist_1_to_3_avrg_iid 95 30 26.625391 0.872404 27.497795 25.752987
Travel_time_dist_1_to_3_count_iid 95 30 91.433333 1.825640 93.258973 89.607693
Travel_time_dist_1_to_3_max_iid 95 30 99.300352 13.310513 112.610866 85.989839
Travel_time_dist_1_to_3_min_iid 95 30 7.813377 0.602271 8.415647 7.211106
Travel_time_dist_1_to_3_sum_iid 95 30 2433.462620 89.711445 2523.174065 2343.751175
Travel_time_dist_4_to_6_avrg_iid 95 30 32.755526 1.040563 33.796089 31.714962
Travel_time_dist_4_to_6_count_iid 95 30 24.900000 1.843110 26.743110 23.056890
Travel_time_dist_4_to_6_max_iid 95 30 67.373999 9.241266 76.615265 58.132733
Travel_time_dist_4_to_6_min_iid 95 30 19.031782 0.856378 19.888160 18.175404
Travel_time_dist_4_to_6_sum_iid 95 30 814.747669 62.112258 876.859927 752.635411
Travel_time_too_long_avrg_iid 95 30 52.606838 4.886602 57.493440 47.720236
Travel_time_too_long_count_iid 95 30 12.533333 1.299798 13.833131 11.233536
Travel_time_too_long_max_iid 95 30 102.163076 13.001633 115.164709 89.161443
Travel_time_too_long_min_iid 95 30 26.119871 0.533372 26.653243 25.586500
Travel_time_too_long_sum_iid 95 30 671.349302 106.200631 777.549932 565.148671
