#name, percent, n, avrg, half length, lower ci endpoint, upper ci endpoint

Cars_in_service_avrg_iid 99 30 0.000000 0.000000 0.000000 0.000000
Cars_in_service_count_iid 99 30 7.000000 0.000000 7.000000 7.000000
Cars_in_service_max_iid 99 30 5.000000 0.000000 5.000000 5.000000
Cars_in_service_min_iid 99 30 0.000000 0.000000 0.000000 0.000000
Passengers_on_trip_avrg_iid 99 30 4.570259 0.382239 4.952499 4.188020
Passengers_on_trip_count_iid 99 30 246.433333 1.364844 247.798177 245.068490
Passengers_on_trip_max_iid 99 30 14.000000 2.179310 16.179310 11.820690
Passengers_on_trip_min_iid 99 30 0.000000 0.000000 0.000000 0.000000
Travel_time_dist_1_to_3_avrg_iid 99 30 26.625391 1.175719 27.801110 25.449672
Travel_time_dist_1_to_3_count_iid 99 30 91.433333 2.460374 93.893707 88.972960
Travel_time_dist_1_to_3_max_iid 99 30 99.300352 17.938276 117.238629 81.362076
Travel_time_dist_1_to_3_min_iid 99 30 7.813377 0.811667 8.625043 7.001710
Travel_time_dist_1_to_3_sum_iid 99 30 2433.462620 120.902074 2554.364694 2312.560545
Travel_time_dist_4_to_6_avrg_iid 99 30 32.755526 1.402343 34.157869 31.353182
Travel_time_dist_4_to_6_count_iid 99 30 24.900000 2.483917 27.383917 22.416083
Travel_time_dist_4_to_6_max_iid 99 30 67.373999 12.454244 79.828243 54.919755
Travel_time_dist_4_to_6_min_iid 99 30 19.031782 1.154121 20.185903 17.877661
Travel_time_dist_4_to_6_sum_iid 99 30 814.747669 83.707278 898.454947 731.040391
Travel_time_too_long_avrg_iid 99 30 52.606838 6.585562 59.192401 46.021276
Travel_time_too_long_count_iid 99 30 12.533333 1.751708 14.285041 10.781626
Travel_time_too_long_max_iid 99 30 102.163076 17.522005 119.685081 84.641071
Travel_time_too_long_min_iid 99 30 26.119871 0.718813 26.838684 25.401058
Travel_time_too_long_sum_iid 99 30 671.349302 143.124175 814.473477 528.225127
