#name, percent, n, avrg, half length, lower ci endpoint, upper ci endpoint

Cars_in_service_avrg_iid 90 30 0.000000 0.000000 0.000000 0.000000
Cars_in_service_count_iid 90 30 7.000000 0.000000 7.000000 7.000000
Cars_in_service_max_iid 90 30 5.000000 0.000000 5.000000 5.000000
Cars_in_service_min_iid 90 30 0.000000 0.000000 0.000000 0.000000
Passengers_on_trip_avrg_iid 90 30 4.570259 0.235640 4.805900 4.334619
Passengers_on_trip_count_iid 90 30 246.433333 0.841389 247.274723 245.591944
Passengers_on_trip_max_iid 90 30 14.000000 1.343486 15.343486 12.656514
Passengers_on_trip_min_iid 90 30 0.000000 0.000000 0.000000 0.000000
Travel_time_dist_1_to_3_avrg_iid 90 30 26.625391 0.724799 27.350190 25.900592
Travel_time_dist_1_to_3_count_iid 90 30 91.433333 1.516754 92.950088 89.916579
Travel_time_dist_1_to_3_max_iid 90 30 99.300352 11.058466 110.358818 88.241887
Travel_time_dist_1_to_3_min_iid 90 30 7.813377 0.500371 8.313747 7.313006
Travel_time_dist_1_to_3_sum_iid 90 30 2433.462620 74.532883 2507.995502 2358.929737
Travel_time_dist_4_to_6_avrg_iid 90 30 32.755526 0.864507 33.620033 31.891019
Travel_time_dist_4_to_6_count_iid 90 30 24.900000 1.531268 26.431268 23.368732
Travel_time_dist_4_to_6_max_iid 90 30 67.373999 7.677707 75.051706 59.696292
Travel_time_dist_4_to_6_min_iid 90 30 19.031782 0.711485 19.743267 18.320297
Travel_time_dist_4_to_6_sum_iid 90 30 814.747669 51.603289 866.350958 763.144380
Travel_time_too_long_avrg_iid 90 30 52.606838 4.059822 56.666660 48.547016
Travel_time_too_long_count_iid 90 30 12.533333 1.079881 13.613214 11.453453
Travel_time_too_long_max_iid 90 30 102.163076 10.801846 112.964922 91.361231
Travel_time_too_long_min_iid 90 30 26.119871 0.443129 26.563000 25.676742
Travel_time_too_long_sum_iid 90 30 671.349302 88.232211 759.581513 583.117091
