#name, percent, n, avrg, half length, lower ci endpoint, upper ci endpoint

Cars_in_service_avrg_iid 90 30 0.145216 0.001445 0.146661 0.143771
Cars_in_service_count_iid 90 30 17.000000 0.000000 17.000000 17.000000
Cars_in_service_max_iid 90 30 5.000000 0.000000 5.000000 5.000000
Cars_in_service_min_iid 90 30 0.000000 0.000000 0.000000 0.000000
Passengers_on_trip_avrg_iid 90 30 4.186401 0.065146 4.251547 4.121255
Passengers_on_trip_count_iid 90 30 2002.000000 0.000000 2002.000000 2002.000000
Passengers_on_trip_max_iid 90 30 15.566667 0.983227 16.549893 14.583440
Passengers_on_trip_min_iid 90 30 0.000000 0.000000 0.000000 0.000000
Travel_time_dist_1_to_3_avrg_iid 90 30 27.305373 0.303274 27.608647 27.002099
Travel_time_dist_1_to_3_count_iid 90 30 772.200000 3.635197 775.835197 768.564803
Travel_time_dist_1_to_3_max_iid 90 30 150.717097 10.981140 161.698237 139.735956
Travel_time_dist_1_to_3_min_iid 90 30 4.644273 0.412812 5.057084 4.231461
Travel_time_dist_1_to_3_sum_iid 90 30 21088.410312 280.480697 21368.891009 20807.929615
Travel_time_dist_4_to_6_avrg_iid 90 30 33.832220 0.422345 34.254565 33.409874
Travel_time_dist_4_to_6_count_iid 90 30 227.800000 3.635197 231.435197 224.164803
Travel_time_dist_4_to_6_max_iid 90 30 121.328518 12.268268 133.596787 109.060250
Travel_time_dist_4_to_6_min_iid 90 30 7.049483 0.700021 7.749505 6.349462
Travel_time_dist_4_to_6_sum_iid 90 30 7701.066177 124.213726 7825.279903 7576.852451
Travel_time_too_long_avrg_iid 90 30 48.919033 1.576716 50.495749 47.342317
Travel_time_too_long_count_iid 90 30 121.033333 5.183804 126.217137 115.849530
Travel_time_too_long_max_iid 90 30 156.097459 11.781070 167.878529 144.316389
Travel_time_too_long_min_iid 90 30 25.118771 0.035105 25.153876 25.083666
Travel_time_too_long_sum_iid 90 30 5971.820674 416.377463 6388.198137 5555.443210
