#name, percent, n, avrg, half length, lower ci endpoint, upper ci endpoint

Cars_in_service_avrg_iid 99 30 0.145216 0.002344 0.147560 0.142872
Cars_in_service_count_iid 99 30 17.000000 0.000000 17.000000 17.000000
Cars_in_service_max_iid 99 30 5.000000 0.000000 5.000000 5.000000
Cars_in_service_min_iid 99 30 0.000000 0.000000 0.000000 0.000000
Passengers_on_trip_avrg_iid 99 30 4.186401 0.105676 4.292077 4.080725
Passengers_on_trip_count_iid 99 30 2002.000000 0.000000 2002.000000 2002.000000
Passengers_on_trip_max_iid 99 30 15.566667 1.594922 17.161589 13.971744
Passengers_on_trip_min_iid 99 30 0.000000 0.000000 0.000000 0.000000
Travel_time_dist_1_to_3_avrg_iid 99 30 27.305373 0.491950 27.797323 26.813424
Travel_time_dist_1_to_3_count_iid 99 30 772.200000 5.896765 778.096765 766.303235
Travel_time_dist_1_to_3_max_iid 99 30 150.717097 17.812844 168.529941 132.904252
Travel_time_dist_1_to_3_min_iid 99 30 4.644273 0.669635 5.313907 3.974638
Travel_time_dist_1_to_3_sum_iid 99 30 21088.410312 454.976340 21543.386651 20633.433972
Travel_time_dist_4_to_6_avrg_iid 99 30 33.832220 0.685100 34.517319 33.147120
Travel_time_dist_4_to_6_count_iid 99 30 227.800000 5.896765 233.696765 221.903235
Travel_time_dist_4_to_6_max_iid 99 30 121.328518 19.900734 141.229253 101.427784
Travel_time_dist_4_to_6_min_iid 99 30 7.049483 1.135526 8.185009 5.913958
Travel_time_dist_4_to_6_sum_iid 99 30 7701.066177 201.490894 7902.557071 7499.575283
Travel_time_too_long_avrg_iid 99 30 48.919033 2.557639 51.476673 46.361394
Travel_time_too_long_count_iid 99 30 121.033333 8.408807 129.442140 112.624526
Travel_time_too_long_max_iid 99 30 156.097459 19.110435 175.207894 136.987024
Travel_time_too_long_min_iid 99 30 25.118771 0.056944 25.175715 25.061827
Travel_time_too_long_sum_iid 99 30 5971.820674 675.418651 6647.239325 5296.402022
