#name, percent, n, avrg, half length, lower ci endpoint, upper ci endpoint

Cars_in_service_avrg_iid 95 30 0.145216 0.001739 0.146956 0.143477
Cars_in_service_count_iid 95 30 17.000000 0.000000 17.000000 17.000000
Cars_in_service_max_iid 95 30 5.000000 0.000000 5.000000 5.000000
Cars_in_service_min_iid 95 30 0.000000 0.000000 0.000000 0.000000
Passengers_on_trip_avrg_iid 95 30 4.186401 0.078413 4.264814 4.107988
Passengers_on_trip_count_iid 95 30 2002.000000 0.000000 2002.000000 2002.000000
Passengers_on_trip_max_iid 95 30 15.566667 1.183460 16.750127 14.383207
Passengers_on_trip_min_iid 95 30 0.000000 0.000000 0.000000 0.000000
Travel_time_dist_1_to_3_avrg_iid 95 30 27.305373 0.365035 27.670408 26.940338
Travel_time_dist_1_to_3_count_iid 95 30 772.200000 4.375502 776.575502 767.824498
Travel_time_dist_1_to_3_max_iid 95 30 150.717097 13.217441 163.934537 137.499656
Travel_time_dist_1_to_3_min_iid 95 30 4.644273 0.496881 5.141153 4.147392
Travel_time_dist_1_to_3_sum_iid 95 30 21088.410312 337.600368 21426.010680 20750.809943
Travel_time_dist_4_to_6_avrg_iid 95 30 33.832220 0.508356 34.340576 33.323864
Travel_time_dist_4_to_6_count_iid 95 30 227.800000 4.375502 232.175502 223.424498
Travel_time_dist_4_to_6_max_iid 95 30 121.328518 14.766691 136.095210 106.561827
Travel_time_dist_4_to_6_min_iid 95 30 7.049483 0.842580 7.892063 6.206903
Travel_time_dist_4_to_6_sum_iid 95 30 7701.066177 149.509753 7850.575930 7551.556424
Travel_time_too_long_avrg_iid 95 30 48.919033 1.897813 50.816846 47.021220
Travel_time_too_long_count_iid 95 30 121.033333 6.239481 127.272815 114.793852
Travel_time_too_long_max_iid 95 30 156.097459 14.180276 170.277735 141.917184
Travel_time_too_long_min_iid 95 30 25.118771 0.042254 25.161025 25.076517
Travel_time_too_long_sum_iid 95 30 5971.820674 501.172403 6472.993076 5470.648271
