#name, percent, n, avrg, half length, lower ci endpoint, upper ci endpoint

Cars_in_service_avrg_iid 90 30 0.146270 0.001432 0.147702 0.144838
Cars_in_service_count_iid 90 30 17.000000 0.000000 17.000000 17.000000
Cars_in_service_max_iid 90 30 5.000000 0.000000 5.000000 5.000000
Cars_in_service_min_iid 90 30 0.000000 0.000000 0.000000 0.000000
Passengers_on_trip_avrg_iid 90 30 4.245946 0.074403 4.320350 4.171543
Passengers_on_trip_count_iid 90 30 2002.000000 0.000000 2002.000000 2002.000000
Passengers_on_trip_max_iid 90 30 16.633333 1.231334 17.864668 15.401999
Passengers_on_trip_min_iid 90 30 0.000000 0.000000 0.000000 0.000000
Travel_time_dist_1_to_3_avrg_iid 90 30 27.645556 0.415854 28.061409 27.229702
Travel_time_dist_1_to_3_count_iid 90 30 772.333333 4.165136 776.498470 768.168197
Travel_time_dist_1_to_3_max_iid 90 30 164.486591 16.931266 181.417857 147.555326
Travel_time_dist_1_to_3_min_iid 90 30 4.695463 0.374681 5.070144 4.320781
Travel_time_dist_1_to_3_sum_iid 90 30 21346.214027 305.785855 21651.999882 21040.428172
Travel_time_dist_4_to_6_avrg_iid 90 30 33.768200 0.374379 34.142579 33.393821
Travel_time_dist_4_to_6_count_iid 90 30 227.666667 4.165136 231.831803 223.501530
Travel_time_dist_4_to_6_max_iid 90 30 119.397724 10.342782 129.740506 109.054941
Travel_time_dist_4_to_6_min_iid 90 30 6.463644 0.795567 7.259211 5.668077
Travel_time_dist_4_to_6_sum_iid 90 30 7690.155759 173.205537 7863.361297 7516.950222
Travel_time_too_long_avrg_iid 90 30 50.450308 1.941355 52.391664 48.508953
Travel_time_too_long_count_iid 90 30 125.200000 6.533848 131.733848 118.666152
Travel_time_too_long_max_iid 90 30 166.419525 16.568955 182.988479 149.850570
Travel_time_too_long_min_iid 90 30 25.097262 0.037885 25.135147 25.059376
Travel_time_too_long_sum_iid 90 30 6381.815710 502.823265 6884.638975 5878.992445
