#name, percent, n, avrg, half length, lower ci endpoint, upper ci endpoint

Cars_in_service_avrg_iid 99 30 0.146270 0.002323 0.148592 0.143947
Cars_in_service_count_iid 99 30 17.000000 0.000000 17.000000 17.000000
Cars_in_service_max_iid 99 30 5.000000 0.000000 5.000000 5.000000
Cars_in_service_min_iid 99 30 0.000000 0.000000 0.000000 0.000000
Passengers_on_trip_avrg_iid 99 30 4.245946 0.120692 4.366638 4.125255
Passengers_on_trip_count_iid 99 30 2002.000000 0.000000 2002.000000 2002.000000
Passengers_on_trip_max_iid 99 30 16.633333 1.997385 18.630719 14.635948
Passengers_on_trip_min_iid 99 30 0.000000 0.000000 0.000000 0.000000
Travel_time_dist_1_to_3_avrg_iid 99 30 27.645556 0.674569 28.320125 26.970986
Travel_time_dist_1_to_3_count_iid 99 30 772.333333 6.756396 779.089729 765.576938
Travel_time_dist_1_to_3_max_iid 99 30 164.486591 27.464725 191.951316 137.021866
Travel_time_dist_1_to_3_min_iid 99 30 4.695463 0.607782 5.303245 4.087680
Travel_time_dist_1_to_3_sum_iid 99 30 21346.214027 496.024613 21842.238640 20850.189415
Travel_time_dist_4_to_6_avrg_iid 99 30 33.768200 0.607292 34.375492 33.160909
Travel_time_dist_4_to_6_count_iid 99 30 227.666667 6.756396 234.423062 220.910271
Travel_time_dist_4_to_6_max_iid 99 30 119.397724 16.777345 136.175069 102.620379
Travel_time_dist_4_to_6_min_iid 99 30 6.463644 1.290514 7.754158 5.173130
Travel_time_dist_4_to_6_sum_iid 99 30 7690.155759 280.962013 7971.117773 7409.193746
Travel_time_too_long_avrg_iid 99 30 50.450308 3.149132 53.599440 47.301176
Travel_time_too_long_count_iid 99 30 125.200000 10.598755 135.798755 114.601245
Travel_time_too_long_max_iid 99 30 166.419525 26.877009 193.296534 139.542516
Travel_time_too_long_min_iid 99 30 25.097262 0.061455 25.158717 25.035807
Travel_time_too_long_sum_iid 99 30 6381.815710 815.645037 7197.460748 5566.170673
