#name, percent, n, avrg, half length, lower ci endpoint, upper ci endpoint

Cars_in_service_avrg_iid 95 30 0.146270 0.001723 0.147993 0.144546
Cars_in_service_count_iid 95 30 17.000000 0.000000 17.000000 17.000000
Cars_in_service_max_iid 95 30 5.000000 0.000000 5.000000 5.000000
Cars_in_service_min_iid 95 30 0.000000 0.000000 0.000000 0.000000
Passengers_on_trip_avrg_iid 95 30 4.245946 0.089555 4.335502 4.156391
Passengers_on_trip_count_iid 95 30 2002.000000 0.000000 2002.000000 2002.000000
Passengers_on_trip_max_iid 95 30 16.633333 1.482095 18.115428 15.151239
Passengers_on_trip_min_iid 95 30 0.000000 0.000000 0.000000 0.000000
Travel_time_dist_1_to_3_avrg_iid 95 30 27.645556 0.500542 28.146098 27.145014
Travel_time_dist_1_to_3_count_iid 95 30 772.333333 5.013363 777.346696 767.319970
Travel_time_dist_1_to_3_max_iid 95 30 164.486591 20.379304 184.865895 144.107287
Travel_time_dist_1_to_3_min_iid 95 30 4.695463 0.450985 5.146448 4.244478
Travel_time_dist_1_to_3_sum_iid 95 30 21346.214027 368.058902 21714.272929 20978.155126
Travel_time_dist_4_to_6_avrg_iid 95 30 33.768200 0.450621 34.218821 33.317579
Travel_time_dist_4_to_6_count_iid 95 30 227.666667 5.013363 232.680030 222.653304
Travel_time_dist_4_to_6_max_iid 95 30 119.397724 12.449082 131.846806 106.948642
Travel_time_dist_4_to_6_min_iid 95 30 6.463644 0.957584 7.421228 5.506060
Travel_time_dist_4_to_6_sum_iid 95 30 7690.155759 208.478707 7898.634467 7481.677052
Travel_time_too_long_avrg_iid 95 30 50.450308 2.336711 52.787019 48.113597
Travel_time_too_long_count_iid 95 30 125.200000 7.864461 133.064461 117.335539
Travel_time_too_long_max_iid 95 30 166.419525 19.943209 186.362734 146.476316
Travel_time_too_long_min_iid 95 30 25.097262 0.045601 25.142863 25.051661
Travel_time_too_long_sum_iid 95 30 6381.815710 605.222824 6987.038534 5776.592887
