#name, percent, n, avrg, half length, lower ci endpoint, upper ci endpoint

Cars_in_service_avrg_iid 90 30 0.145964 0.001428 0.147392 0.144535
Cars_in_service_count_iid 90 30 17.000000 0.000000 17.000000 17.000000
Cars_in_service_max_iid 90 30 5.000000 0.000000 5.000000 5.000000
Cars_in_service_min_iid 90 30 0.000000 0.000000 0.000000 0.000000
Passengers_on_trip_avrg_iid 90 30 4.232069 0.079678 4.311747 4.152390
Passengers_on_trip_count_iid 90 30 2002.000000 0.000000 2002.000000 2002.000000
Passengers_on_trip_max_iid 90 30 16.066667 1.061911 17.128577 15.004756
Passengers_on_trip_min_iid 90 30 0.000000 0.000000 0.000000 0.000000
Travel_time_dist_1_to_3_avrg_iid 90 30 27.589456 0.465339 28.054796 27.124117
Travel_time_dist_1_to_3_count_iid 90 30 769.366667 5.022562 774.389229 764.344105
Travel_time_dist_1_to_3_max_iid 90 30 143.071684 11.182035 154.253720 131.889649
Travel_time_dist_1_to_3_min_iid 90 30 5.490979 0.383059 5.874038 5.107920
Travel_time_dist_1_to_3_sum_iid 90 30 21216.180322 320.924251 21537.104574 20895.256071
Travel_time_dist_4_to_6_avrg_iid 90 30 34.050058 0.451969 34.502026 33.598089
Travel_time_dist_4_to_6_count_iid 90 30 230.633333 5.022562 235.655895 225.610771
Travel_time_dist_4_to_6_max_iid 90 30 126.330847 8.364298 134.695145 117.966549
Travel_time_dist_4_to_6_min_iid 90 30 6.542910 0.813714 7.356623 5.729196
Travel_time_dist_4_to_6_sum_iid 90 30 7855.766391 211.193577 8066.959968 7644.572814
Travel_time_too_long_avrg_iid 90 30 50.285037 1.973393 52.258430 48.311643
Travel_time_too_long_count_iid 90 30 126.466667 4.826671 131.293337 121.639996
Travel_time_too_long_max_iid 90 30 147.462888 10.315580 157.778468 137.147308
Travel_time_too_long_min_iid 90 30 25.129949 0.033388 25.163336 25.096561
Travel_time_too_long_sum_iid 90 30 6437.607326 489.488094 6927.095420 5948.119232
