#name, percent, n, avrg, half length, lower ci endpoint, upper ci endpoint

Cars_in_service_avrg_iid 95 30 0.145964 0.001719 0.147683 0.144245
Cars_in_service_count_iid 95 30 17.000000 0.000000 17.000000 17.000000
Cars_in_service_max_iid 95 30 5.000000 0.000000 5.000000 5.000000
Cars_in_service_min_iid 95 30 0.000000 0.000000 0.000000 0.000000
Passengers_on_trip_avrg_iid 95 30 4.232069 0.095905 4.327973 4.136164
Passengers_on_trip_count_iid 95 30 2002.000000 0.000000 2002.000000 2002.000000
Passengers_on_trip_max_iid 95 30 16.066667 1.278168 17.344835 14.788499
Passengers_on_trip_min_iid 95 30 0.000000 0.000000 0.000000 0.000000
Travel_time_dist_1_to_3_avrg_iid 95 30 27.589456 0.560105 28.149562 27.029351
Travel_time_dist_1_to_3_count_iid 95 30 769.366667 6.045403 775.412069 763.321264
Travel_time_dist_1_to_3_max_iid 95 30 143.071684 13.459248 156.530932 129.612436
Travel_time_dist_1_to_3_min_iid 95 30 5.490979 0.461069 5.952048 5.029910
Travel_time_dist_1_to_3_sum_iid 95 30 21216.180322 386.280220 21602.460542 20829.900102
Travel_time_dist_4_to_6_avrg_iid 95 30 34.050058 0.544012 34.594069 33.506046
Travel_time_dist_4_to_6_count_iid 95 30 230.633333 6.045403 236.678736 224.587931
Travel_time_dist_4_to_6_max_iid 95 30 126.330847 10.067681 136.398527 116.263166
Travel_time_dist_4_to_6_min_iid 95 30 6.542910 0.979426 7.522335 5.563484
Travel_time_dist_4_to_6_sum_iid 95 30 7855.766391 254.202982 8109.969373 7601.563409
Travel_time_too_long_avrg_iid 95 30 50.285037 2.375273 52.660310 47.909763
Travel_time_too_long_count_iid 95 30 126.466667 5.809618 132.276285 120.657048
Travel_time_too_long_max_iid 95 30 147.462888 12.416339 159.879227 135.046549
Travel_time_too_long_min_iid 95 30 25.129949 0.040187 25.170136 25.089762
Travel_time_too_long_sum_iid 95 30 6437.607326 589.171955 7026.779282 5848.435371
