#name, percent, n, avrg, half length, lower ci endpoint, upper ci endpoint

Cars_in_service_avrg_iid 99 30 0.145964 0.002317 0.148281 0.143647
Cars_in_service_count_iid 99 30 17.000000 0.000000 17.000000 17.000000
Cars_in_service_max_iid 99 30 5.000000 0.000000 5.000000 5.000000
Cars_in_service_min_iid 99 30 0.000000 0.000000 0.000000 0.000000
Passengers_on_trip_avrg_iid 99 30 4.232069 0.129249 4.361317 4.102820
Passengers_on_trip_count_iid 99 30 2002.000000 0.000000 2002.000000 2002.000000
Passengers_on_trip_max_iid 99 30 16.066667 1.722558 17.789225 14.344109
Passengers_on_trip_min_iid 99 30 0.000000 0.000000 0.000000 0.000000
Travel_time_dist_1_to_3_avrg_iid 99 30 27.589456 0.754841 28.344297 26.834615
Travel_time_dist_1_to_3_count_iid 99 30 769.366667 8.147252 777.513918 761.219415
Travel_time_dist_1_to_3_max_iid 99 30 143.071684 18.138723 161.210407 124.932961
Travel_time_dist_1_to_3_min_iid 99 30 5.490979 0.621372 6.112351 4.869607
Travel_time_dist_1_to_3_sum_iid 99 30 21216.180322 520.581069 21736.761391 20695.599253
Travel_time_dist_4_to_6_avrg_iid 99 30 34.050058 0.733152 34.783210 33.316905
Travel_time_dist_4_to_6_count_iid 99 30 230.633333 8.147252 238.780585 222.486082
Travel_time_dist_4_to_6_max_iid 99 30 126.330847 13.567984 139.898831 112.762863
Travel_time_dist_4_to_6_min_iid 99 30 6.542910 1.319950 7.862859 5.222960
Travel_time_dist_4_to_6_sum_iid 99 30 7855.766391 342.583578 8198.349969 7513.182813
Travel_time_too_long_avrg_iid 99 30 50.285037 3.201102 53.486139 47.083935
Travel_time_too_long_count_iid 99 30 126.466667 7.829491 134.296157 118.637176
Travel_time_too_long_max_iid 99 30 147.462888 16.733218 164.196106 130.729670
Travel_time_too_long_min_iid 99 30 25.129949 0.054159 25.184108 25.075789
Travel_time_too_long_sum_iid 99 30 6437.607326 794.013648 7231.620974 5643.593679
