#name, percent, n, avrg, half length, lower ci endpoint, upper ci endpoint

Cars_in_service_avrg_iid 90 30 0.142335 0.002066 0.144401 0.140269
Cars_in_service_count_iid 90 30 17.000000 0.000000 17.000000 17.000000
Cars_in_service_max_iid 90 30 5.000000 0.000000 5.000000 5.000000
Cars_in_service_min_iid 90 30 0.000000 0.000000 0.000000 0.000000
Passengers_on_trip_avrg_iid 90 30 5.113359 0.208768 5.322126 4.904591
Passengers_on_trip_count_iid 90 30 2002.000000 0.000000 2002.000000 2002.000000
Passengers_on_trip_max_iid 90 30 37.466667 3.961319 41.427986 33.505347
Passengers_on_trip_min_iid 90 30 0.000000 0.000000 0.000000 0.000000
Travel_time_dist_1_to_3_avrg_iid 90 30 34.291993 1.276114 35.568107 33.015879
Travel_time_dist_1_to_3_count_iid 90 30 769.233333 4.379747 773.613080 764.853586
Travel_time_dist_1_to_3_max_iid 90 30 384.616915 23.964131 408.581046 360.652784
Travel_time_dist_1_to_3_min_iid 90 30 4.722823 0.463472 5.186295 4.259351
Travel_time_dist_1_to_3_sum_iid 90 30 26370.951558 973.379120 27344.330677 25397.572438
Travel_time_dist_4_to_6_avrg_iid 90 30 41.317114 1.403999 42.721113 39.913115
Travel_time_dist_4_to_6_count_iid 90 30 230.766667 4.379747 235.146414 226.386920
Travel_time_dist_4_to_6_max_iid 90 30 334.406308 24.095278 358.501586 310.311030
Travel_time_dist_4_to_6_min_iid 90 30 7.504315 1.036667 8.540981 6.467648
Travel_time_dist_4_to_6_sum_iid 90 30 9543.082947 386.350211 9929.433158 9156.732736
Travel_time_too_long_avrg_iid 90 30 90.272909 5.506999 95.779907 84.765910
Travel_time_too_long_count_iid 90 30 158.166667 7.568005 165.734672 150.598662
Travel_time_too_long_max_iid 90 30 388.296080 23.920187 412.216267 364.375893
Travel_time_too_long_min_iid 90 30 25.137455 0.039442 25.176897 25.098013
Travel_time_too_long_sum_iid 90 30 14492.959428 1350.045419 15843.004846 13142.914009
