#name, percent, n, avrg, half length, lower ci endpoint, upper ci endpoint

Cars_in_service_avrg_iid 95 30 0.142335 0.002487 0.144822 0.139848
Cars_in_service_count_iid 95 30 17.000000 0.000000 17.000000 17.000000
Cars_in_service_max_iid 95 30 5.000000 0.000000 5.000000 5.000000
Cars_in_service_min_iid 95 30 0.000000 0.000000 0.000000 0.000000
Passengers_on_trip_avrg_iid 95 30 5.113359 0.251283 5.364642 4.862076
Passengers_on_trip_count_iid 95 30 2002.000000 0.000000 2002.000000 2002.000000
Passengers_on_trip_max_iid 95 30 37.466667 4.768039 42.234705 32.698628
Passengers_on_trip_min_iid 95 30 0.000000 0.000000 0.000000 0.000000
Travel_time_dist_1_to_3_avrg_iid 95 30 34.291993 1.535994 35.827986 32.755999
Travel_time_dist_1_to_3_count_iid 95 30 769.233333 5.271679 774.505012 763.961655
Travel_time_dist_1_to_3_max_iid 95 30 384.616915 28.844407 413.461322 355.772508
Travel_time_dist_1_to_3_min_iid 95 30 4.722823 0.557858 5.280681 4.164966
Travel_time_dist_1_to_3_sum_iid 95 30 26370.951558 1171.607004 27542.558562 25199.344553
Travel_time_dist_4_to_6_avrg_iid 95 30 41.317114 1.689922 43.007036 39.627191
Travel_time_dist_4_to_6_count_iid 95 30 230.766667 5.271679 236.038345 225.494988
Travel_time_dist_4_to_6_max_iid 95 30 334.406308 29.002262 363.408570 305.404046
Travel_time_dist_4_to_6_min_iid 95 30 7.504315 1.247783 8.752098 6.256532
Travel_time_dist_4_to_6_sum_iid 95 30 9543.082947 465.030125 10008.113072 9078.052822
Travel_time_too_long_avrg_iid 95 30 90.272909 6.628494 96.901403 83.644415
Travel_time_too_long_count_iid 95 30 158.166667 9.109223 167.275890 149.057444
Travel_time_too_long_max_iid 95 30 388.296080 28.791514 417.087594 359.504566
Travel_time_too_long_min_iid 95 30 25.137455 0.047474 25.184929 25.089981
Travel_time_too_long_sum_iid 95 30 14492.959428 1624.981095 16117.940523 12867.978332
