#name, percent, n, avrg, half length, lower ci endpoint, upper ci endpoint

Cars_in_service_avrg_iid 99 30 0.142335 0.003352 0.145687 0.138983
Cars_in_service_count_iid 99 30 17.000000 0.000000 17.000000 17.000000
Cars_in_service_max_iid 99 30 5.000000 0.000000 5.000000 5.000000
Cars_in_service_min_iid 99 30 0.000000 0.000000 0.000000 0.000000
Passengers_on_trip_avrg_iid 99 30 5.113359 0.338648 5.452007 4.774710
Passengers_on_trip_count_iid 99 30 2002.000000 0.000000 2002.000000 2002.000000
Passengers_on_trip_max_iid 99 30 37.466667 6.425777 43.892444 31.040889
Passengers_on_trip_min_iid 99 30 0.000000 0.000000 0.000000 0.000000
Travel_time_dist_1_to_3_avrg_iid 99 30 34.291993 2.070024 36.362017 32.221969
Travel_time_dist_1_to_3_count_iid 99 30 769.233333 7.104522 776.337855 762.128812
Travel_time_dist_1_to_3_max_iid 99 30 384.616915 38.872951 423.489866 345.743964
Travel_time_dist_1_to_3_min_iid 99 30 4.722823 0.751812 5.474636 3.971011
Travel_time_dist_1_to_3_sum_iid 99 30 26370.951558 1578.948119 27949.899677 24792.003438
Travel_time_dist_4_to_6_avrg_iid 99 30 41.317114 2.277470 43.594584 39.039644
Travel_time_dist_4_to_6_count_iid 99 30 230.766667 7.104522 237.871188 223.662145
Travel_time_dist_4_to_6_max_iid 99 30 334.406308 39.085689 373.491997 295.320619
Travel_time_dist_4_to_6_min_iid 99 30 7.504315 1.681609 9.185924 5.822706
Travel_time_dist_4_to_6_sum_iid 99 30 9543.082947 626.710525 10169.793472 8916.372422
Travel_time_too_long_avrg_iid 99 30 90.272909 8.933071 99.205980 81.339838
Travel_time_too_long_count_iid 99 30 158.166667 12.276293 170.442960 145.890374
Travel_time_too_long_max_iid 99 30 388.296080 38.801669 427.097749 349.494411
Travel_time_too_long_min_iid 99 30 25.137455 0.063980 25.201435 25.073475
Travel_time_too_long_sum_iid 99 30 14492.959428 2189.950073 16682.909501 12303.009355
