#name, percent, n, avrg, half length, lower ci endpoint, upper ci endpoint

Cars_in_service_avrg_iid 90 30 0.144934 0.001753 0.146687 0.143181
Cars_in_service_count_iid 90 30 17.000000 0.000000 17.000000 17.000000
Cars_in_service_max_iid 90 30 5.000000 0.000000 5.000000 5.000000
Cars_in_service_min_iid 90 30 0.000000 0.000000 0.000000 0.000000
Passengers_on_trip_avrg_iid 90 30 4.174080 0.073681 4.247762 4.100399
Passengers_on_trip_count_iid 90 30 2002.000000 0.000000 2002.000000 2002.000000
Passengers_on_trip_max_iid 90 30 15.833333 1.353533 17.186866 14.479800
Passengers_on_trip_min_iid 90 30 0.000000 0.000000 0.000000 0.000000
Travel_time_dist_1_to_3_avrg_iid 90 30 27.178945 0.340272 27.519217 26.838674
Travel_time_dist_1_to_3_count_iid 90 30 771.366667 3.967805 775.334472 767.398862
Travel_time_dist_1_to_3_max_iid 90 30 153.619814 12.860526 166.480341 140.759288
Travel_time_dist_1_to_3_min_iid 90 30 4.223778 0.449119 4.672898 3.774659
Travel_time_dist_1_to_3_sum_iid 90 30 20963.945742 276.738351 21240.684093 20687.207391
Travel_time_dist_4_to_6_avrg_iid 90 30 33.884944 0.350328 34.235272 33.534616
Travel_time_dist_4_to_6_count_iid 90 30 228.633333 3.967805 232.601138 224.665528
Travel_time_dist_4_to_6_max_iid 90 30 130.138006 10.755024 140.893029 119.382982
Travel_time_dist_4_to_6_min_iid 90 30 6.997951 0.769991 7.767942 6.227960
Travel_time_dist_4_to_6_sum_iid 90 30 7746.762660 154.147339 7900.909998 7592.615321
Travel_time_too_long_avrg_iid 90 30 48.897258 1.639241 50.536499 47.258016
Travel_time_too_long_count_iid 90 30 120.133333 4.784555 124.917888 115.348779
Travel_time_too_long_max_iid 90 30 158.077469 11.859873 169.937343 146.217596
Travel_time_too_long_min_iid 90 30 25.111718 0.036702 25.148420 25.075015
Travel_time_too_long_sum_iid 90 30 5909.130813 358.862309 6267.993123 5550.268504
