#name, percent, n, avrg, half length, lower ci endpoint, upper ci endpoint

Cars_in_service_avrg_iid 95 30 0.144934 0.002110 0.147044 0.142824
Cars_in_service_count_iid 95 30 17.000000 0.000000 17.000000 17.000000
Cars_in_service_max_iid 95 30 5.000000 0.000000 5.000000 5.000000
Cars_in_service_min_iid 95 30 0.000000 0.000000 0.000000 0.000000
Passengers_on_trip_avrg_iid 95 30 4.174080 0.088686 4.262767 4.085394
Passengers_on_trip_count_iid 95 30 2002.000000 0.000000 2002.000000 2002.000000
Passengers_on_trip_max_iid 95 30 15.833333 1.629179 17.462512 14.204154
Passengers_on_trip_min_iid 95 30 0.000000 0.000000 0.000000 0.000000
Travel_time_dist_1_to_3_avrg_iid 95 30 27.178945 0.409568 27.588514 26.769377
Travel_time_dist_1_to_3_count_iid 95 30 771.366667 4.775846 776.142512 766.590821
Travel_time_dist_1_to_3_max_iid 95 30 153.619814 15.479562 169.099377 138.140252
Travel_time_dist_1_to_3_min_iid 95 30 4.223778 0.540582 4.764361 3.683196
Travel_time_dist_1_to_3_sum_iid 95 30 20963.945742 333.095897 21297.041639 20630.849845
Travel_time_dist_4_to_6_avrg_iid 95 30 33.884944 0.421672 34.306615 33.463272
Travel_time_dist_4_to_6_count_iid 95 30 228.633333 4.775846 233.409179 223.857488
Travel_time_dist_4_to_6_max_iid 95 30 130.138006 12.945276 143.083281 117.192730
Travel_time_dist_4_to_6_min_iid 95 30 6.997951 0.926799 7.924750 6.071152
Travel_time_dist_4_to_6_sum_iid 95 30 7746.762660 185.539322 7932.301981 7561.223338
Travel_time_too_long_avrg_iid 95 30 48.897258 1.973072 50.870329 46.924186
Travel_time_too_long_count_iid 95 30 120.133333 5.758925 125.892259 114.374408
Travel_time_too_long_max_iid 95 30 158.077469 14.275127 172.352596 143.802342
Travel_time_too_long_min_iid 95 30 25.111718 0.044177 25.155894 25.067541
Travel_time_too_long_sum_iid 95 30 5909.130813 431.944333 6341.075147 5477.186480
