#name, percent, n, avrg, half length, lower ci endpoint, upper ci endpoint

Cars_in_service_avrg_iid 99 30 0.144934 0.002843 0.147777 0.142091
Cars_in_service_count_iid 99 30 17.000000 0.000000 17.000000 17.000000
Cars_in_service_max_iid 99 30 5.000000 0.000000 5.000000 5.000000
Cars_in_service_min_iid 99 30 0.000000 0.000000 0.000000 0.000000
Passengers_on_trip_avrg_iid 99 30 4.174080 0.119521 4.293601 4.054560
Passengers_on_trip_count_iid 99 30 2002.000000 0.000000 2002.000000 2002.000000
Passengers_on_trip_max_iid 99 30 15.833333 2.195607 18.028941 13.637726
Passengers_on_trip_min_iid 99 30 0.000000 0.000000 0.000000 0.000000
Travel_time_dist_1_to_3_avrg_iid 99 30 27.178945 0.551966 27.730911 26.626980
Travel_time_dist_1_to_3_count_iid 99 30 771.366667 6.436298 777.802965 764.930368
Travel_time_dist_1_to_3_max_iid 99 30 153.619814 20.861454 174.481268 132.758360
Travel_time_dist_1_to_3_min_iid 99 30 4.223778 0.728530 4.952309 3.495248
Travel_time_dist_1_to_3_sum_iid 99 30 20963.945742 448.905766 21412.851508 20515.039976
Travel_time_dist_4_to_6_avrg_iid 99 30 33.884944 0.568277 34.453221 33.316666
Travel_time_dist_4_to_6_count_iid 99 30 228.633333 6.436298 235.069632 222.197035
Travel_time_dist_4_to_6_max_iid 99 30 130.138006 17.446054 147.584059 112.691952
Travel_time_dist_4_to_6_min_iid 99 30 6.997951 1.249026 8.246977 5.748925
Travel_time_dist_4_to_6_sum_iid 99 30 7746.762660 250.047125 7996.809785 7496.715534
Travel_time_too_long_avrg_iid 99 30 48.897258 2.659064 51.556321 46.238194
Travel_time_too_long_count_iid 99 30 120.133333 7.761173 127.894506 112.372161
Travel_time_too_long_max_iid 99 30 158.077469 19.238264 177.315733 138.839205
Travel_time_too_long_min_iid 99 30 25.111718 0.059536 25.171254 25.052182
Travel_time_too_long_sum_iid 99 30 5909.130813 582.121556 6491.252370 5327.009257
