#name, percent, n, avrg, half length, lower ci endpoint, upper ci endpoint

Cars_in_service_avrg_iid 95 30 0.143293 0.002071 0.145364 0.141222
Cars_in_service_count_iid 95 30 17.000000 0.000000 17.000000 17.000000
Cars_in_service_max_iid 95 30 5.000000 0.000000 5.000000 5.000000
Cars_in_service_min_iid 95 30 0.000000 0.000000 0.000000 0.000000
Passengers_on_trip_avrg_iid 95 30 5.743103 0.227363 5.970466 5.515740
Passengers_on_trip_count_iid 95 30 2002.000000 0.000000 2002.000000 2002.000000
Passengers_on_trip_max_iid 95 30 47.400000 4.021973 51.421973 43.378027
Passengers_on_trip_min_iid 95 30 0.000000 0.000000 0.000000 0.000000
Travel_time_dist_1_to_3_avrg_iid 95 30 38.784897 1.738578 40.523474 37.046319
Travel_time_dist_1_to_3_count_iid 95 30 771.833333 5.291156 777.124490 766.542177
Travel_time_dist_1_to_3_max_iid 95 30 481.833920 21.868113 503.702033 459.965806
Travel_time_dist_1_to_3_min_iid 95 30 4.380619 0.550593 4.931212 3.830026
Travel_time_dist_1_to_3_sum_iid 95 30 29911.055437 1276.736223 31187.791660 28634.319214
Travel_time_dist_4_to_6_avrg_iid 95 30 44.972931 1.757243 46.730174 43.215687
Travel_time_dist_4_to_6_count_iid 95 30 228.166667 5.291156 233.457823 222.875510
Travel_time_dist_4_to_6_max_iid 95 30 425.213306 21.926236 447.139542 403.287070
Travel_time_dist_4_to_6_min_iid 95 30 7.460038 1.003030 8.463068 6.457009
Travel_time_dist_4_to_6_sum_iid 95 30 10276.984417 506.734826 10783.719242 9770.249591
Travel_time_too_long_avrg_iid 95 30 116.038537 6.680853 122.719390 109.357684
Travel_time_too_long_count_iid 95 30 162.233333 7.149392 169.382725 155.083942
Travel_time_too_long_max_iid 95 30 485.414233 20.332899 505.747131 465.081334
Travel_time_too_long_min_iid 95 30 25.127384 0.057965 25.185349 25.069419
Travel_time_too_long_sum_iid 95 30 18997.764548 1673.924758 20671.689306 17323.839791
