#name, percent, n, avrg, half length, lower ci endpoint, upper ci endpoint

Cars_in_service_avrg_iid 99 30 0.143293 0.002791 0.146084 0.140502
Cars_in_service_count_iid 99 30 17.000000 0.000000 17.000000 17.000000
Cars_in_service_max_iid 99 30 5.000000 0.000000 5.000000 5.000000
Cars_in_service_min_iid 99 30 0.000000 0.000000 0.000000 0.000000
Passengers_on_trip_avrg_iid 99 30 5.743103 0.306412 6.049515 5.436691
Passengers_on_trip_count_iid 99 30 2002.000000 0.000000 2002.000000 2002.000000
Passengers_on_trip_max_iid 99 30 47.400000 5.420321 52.820321 41.979679
Passengers_on_trip_min_iid 99 30 0.000000 0.000000 0.000000 0.000000
Travel_time_dist_1_to_3_avrg_iid 99 30 38.784897 2.343042 41.127938 36.441855
Travel_time_dist_1_to_3_count_iid 99 30 771.833333 7.130771 778.964104 764.702562
Travel_time_dist_1_to_3_max_iid 99 30 481.833920 29.471159 511.305078 452.362761
Travel_time_dist_1_to_3_min_iid 99 30 4.380619 0.742022 5.122640 3.638597
Travel_time_dist_1_to_3_sum_iid 99 30 29911.055437 1720.628377 31631.683814 28190.427060
Travel_time_dist_4_to_6_avrg_iid 99 30 44.972931 2.368197 47.341128 42.604734
Travel_time_dist_4_to_6_count_iid 99 30 228.166667 7.130771 235.297438 221.035896
Travel_time_dist_4_to_6_max_iid 99 30 425.213306 29.549489 454.762796 395.663817
Travel_time_dist_4_to_6_min_iid 99 30 7.460038 1.351760 8.811799 6.108278
Travel_time_dist_4_to_6_sum_iid 99 30 10276.984417 682.915002 10959.899419 9594.069414
Travel_time_too_long_avrg_iid 99 30 116.038537 9.003634 125.042171 107.034904
Travel_time_too_long_count_iid 99 30 162.233333 9.635072 171.868406 152.598261
Travel_time_too_long_max_iid 99 30 485.414233 27.402185 512.816418 458.012048
Travel_time_too_long_min_iid 99 30 25.127384 0.078118 25.205502 25.049266
Travel_time_too_long_sum_iid 99 30 18997.764548 2255.910333 21253.674882 16741.854215
