#name, percent, n, avrg, half length, lower ci endpoint, upper ci endpoint

Cars_in_service_avrg_iid 90 30 0.143293 0.001721 0.145013 0.141572
Cars_in_service_count_iid 90 30 17.000000 0.000000 17.000000 17.000000
Cars_in_service_max_iid 90 30 5.000000 0.000000 5.000000 5.000000
Cars_in_service_min_iid 90 30 0.000000 0.000000 0.000000 0.000000
Passengers_on_trip_avrg_iid 90 30 5.743103 0.188895 5.931998 5.554208
Passengers_on_trip_count_iid 90 30 2002.000000 0.000000 2002.000000 2002.000000
Passengers_on_trip_max_iid 90 30 47.400000 3.341483 50.741483 44.058517
Passengers_on_trip_min_iid 90 30 0.000000 0.000000 0.000000 0.000000
Travel_time_dist_1_to_3_avrg_iid 90 30 38.784897 1.444422 40.229319 37.340474
Travel_time_dist_1_to_3_count_iid 90 30 771.833333 4.395929 776.229262 767.437405
Travel_time_dist_1_to_3_max_iid 90 30 481.833920 18.168178 500.002098 463.665741
Travel_time_dist_1_to_3_min_iid 90 30 4.380619 0.457436 4.838055 3.923182
Travel_time_dist_1_to_3_sum_iid 90 30 29911.055437 1060.721195 30971.776631 28850.334242
Travel_time_dist_4_to_6_avrg_iid 90 30 44.972931 1.459930 46.432861 43.513001
Travel_time_dist_4_to_6_count_iid 90 30 228.166667 4.395929 232.562595 223.770738
Travel_time_dist_4_to_6_max_iid 90 30 425.213306 18.216467 443.429773 406.996839
Travel_time_dist_4_to_6_min_iid 90 30 7.460038 0.833324 8.293362 6.626715
Travel_time_dist_4_to_6_sum_iid 90 30 10276.984417 420.998762 10697.983179 9855.985654
Travel_time_too_long_avrg_iid 90 30 116.038537 5.550498 121.589035 110.488039
Travel_time_too_long_count_iid 90 30 162.233333 5.939763 168.173097 156.293570
Travel_time_too_long_max_iid 90 30 485.414233 16.892711 502.306944 468.521521
Travel_time_too_long_min_iid 90 30 25.127384 0.048157 25.175541 25.079226
Travel_time_too_long_sum_iid 90 30 18997.764548 1390.708148 20388.472696 17607.056400
